state: was stopped by hlt 
expected signature: DED! real signature DED! 
expected version: 1.02 real version 1.02 
ip: 40 
44 45 44 21 00 31 2e 30 32 00 52 0f 52 00 19 01 00 00 00 1a 00 19 01 00 00 00 81 20 00 00 00 08 a9 29 00 00 00 10 10 48 08 10 28 1a 00 19 01 00 00 00 30 12 00 1a 00 19 01 00 00 00 81 20 00 00 00 58 
                                                                                                                        ^

stack:
[0] -16898


stack: 
ax: 100000
bx: 0
cx: 0
dx: 0
ex: 0
fx: 0
gx: 0
hx: 0
ix: 0
jx: 0
kx: 0
lx: 0
mx: 0
nx: 0
ox: 0
px: 100000
qx: 0
rx: 0
sx: 0
tx: 0
ux: 0
vx: 0
wx: 0
xx: 0
yx: 0
zx: 0

ram memory: 

-------------------------------------------------------------------------------------------


state: was stopped by hlt 
expected signature: DED! real signature DED! 
expected version: 1.02 real version 1.02 
ip: 40 
44 45 44 21 00 31 2e 30 32 00 52 0f 52 00 19 01 00 00 00 1a 00 19 01 00 00 00 81 20 00 00 00 08 a9 29 00 00 00 10 10 48 08 10 28 1a 00 19 01 00 00 00 30 12 00 1a 00 19 01 00 00 00 81 20 00 00 00 58 
                                                                                                                        ^

stack:
[0] 12000


stack: 
ax: 100
bx: 0
cx: 0
dx: 0
ex: 0
fx: 0
gx: 0
hx: 0
ix: 0
jx: 0
kx: 0
lx: 0
mx: 0
nx: 0
ox: 0
px: 100
qx: 0
rx: 0
sx: 0
tx: 0
ux: 0
vx: 0
wx: 0
xx: 0
yx: 0
zx: 0

ram memory: 

-------------------------------------------------------------------------------------------


state: was stopped by hlt 
expected signature: DED! real signature DED! 
expected version: 1.02 real version 1.02 
ip: 40 
44 45 44 21 00 31 2e 30 32 00 52 0f 52 00 19 01 00 00 00 1a 00 19 01 00 00 00 81 20 00 00 00 08 a9 29 00 00 00 10 10 48 08 10 28 1a 00 19 01 00 00 00 30 12 00 1a 00 19 01 00 00 00 81 20 00 00 00 58 
                                                                                                                        ^

stack:
[0] 0


stack: 
ax: 1
bx: 0
cx: 0
dx: 0
ex: 0
fx: 0
gx: 0
hx: 0
ix: 0
jx: 0
kx: 0
lx: 0
mx: 0
nx: 0
ox: 0
px: 1
qx: 0
rx: 0
sx: 0
tx: 0
ux: 0
vx: 0
wx: 0
xx: 0
yx: 0
zx: 0

ram memory: 

-------------------------------------------------------------------------------------------


state: was stopped by hlt 
expected signature: DED! real signature DED! 
expected version: 1.02 real version 1.02 
ip: 40 
44 45 44 21 00 31 2e 30 32 00 52 0f 52 00 19 01 00 00 00 1a 00 19 01 00 00 00 81 20 00 00 00 08 a9 29 00 00 00 10 10 48 08 10 28 1a 00 19 01 00 00 00 30 12 00 1a 00 19 01 00 00 00 81 20 00 00 00 58 
                                                                                                                        ^

stack:
[0] 65551975


stack: 
ax: 10
bx: 0
cx: 0
dx: 0
ex: 0
fx: 0
gx: 0
hx: 0
ix: 0
jx: 0
kx: 0
lx: 0
mx: 0
nx: 0
ox: 0
px: 10
qx: 0
rx: 0
sx: 0
tx: 0
ux: 0
vx: 0
wx: 0
xx: 0
yx: 0
zx: 0

ram memory: 

-------------------------------------------------------------------------------------------


state: was stopped by hlt 
expected signature: DED! real signature DED! 
expected version: 1.02 real version 1.02 
ip: 40 
44 45 44 21 00 31 2e 30 32 00 52 0f 52 00 19 01 00 00 00 1a 00 19 01 00 00 00 81 20 00 00 00 08 a9 29 00 00 00 10 10 48 08 10 28 1a 00 19 01 00 00 00 30 12 00 1a 00 19 01 00 00 00 81 20 00 00 00 58 
                                                                                                                        ^

stack:
[0] 36288000


stack: 
ax: 10
bx: 0
cx: 0
dx: 0
ex: 0
fx: 0
gx: 0
hx: 0
ix: 0
jx: 0
kx: 0
lx: 0
mx: 0
nx: 0
ox: 0
px: 10
qx: 0
rx: 0
sx: 0
tx: 0
ux: 0
vx: 0
wx: 0
xx: 0
yx: 0
zx: 0

ram memory: 

-------------------------------------------------------------------------------------------


state: was stopped by hlt 
expected signature: DED! real signature DED! 
expected version: 1.02 real version 1.02 
ip: 40 
44 45 44 21 00 31 2e 30 32 00 52 0f 52 00 19 01 00 00 00 1a 00 19 01 00 00 00 81 20 00 00 00 08 a9 29 00 00 00 10 10 48 08 10 28 1a 00 19 01 00 00 00 30 12 00 1a 00 19 01 00 00 00 81 20 00 00 00 58 
                                                                                                                        ^

stack:
[0] -30328729


stack: 
ax: 10
bx: 0
cx: 0
dx: 0
ex: 0
fx: 0
gx: 0
hx: 0
ix: 0
jx: 0
kx: 0
lx: 0
mx: 0
nx: 0
ox: 0
px: 10
qx: 0
rx: 0
sx: 0
tx: 0
ux: 0
vx: 0
wx: 0
xx: 0
yx: 0
zx: 0

ram memory: 

-------------------------------------------------------------------------------------------


state: running assembler 
expected signature: DED! real signature DED! 
expected version: 1.02 real version 1.02 
ip: 66 
44 45 44 21 00 31 2e 30 32 00 52 0f 52 00 19 01 00 00 00 1a 00 19 01 00 00 00 81 20 00 00 00 08 a9 29 00 00 00 10 10 48 08 10 28 1a 00 19 01 00 00 00 30 12 00 1a 00 19 01 00 00 00 81 20 00 00 00 58 4e 44 4f 57 53 00 54 45 4d 50 3d 43 3a 5c 
                                                                                                                                                                                                      ^

stack:


stack: 

-------------------------------------------------------------------------------------------


state: was stopped by hlt 
expected signature: DED! real signature DED! 
expected version: 1.02 real version 1.02 
ip: 40 
44 45 44 21 00 31 2e 30 32 00 52 0f 52 00 19 01 00 00 00 1a 00 19 01 00 00 00 81 20 00 00 00 08 a9 29 00 00 00 10 10 48 08 10 28 1a 00 19 01 00 00 00 30 12 00 1a 00 19 01 00 00 00 81 20 00 00 00 58 
                                                                                                                        ^

stack:
[0] 12000


stack: 
ax: 100
bx: 0
cx: 0
dx: 0
ex: 0
fx: 0
gx: 0
hx: 0
ix: 0
jx: 0
kx: 0
lx: 0
mx: 0
nx: 0
ox: 0
px: 100
qx: 0
rx: 0
sx: 0
tx: 0
ux: 0
vx: 0
wx: 0
xx: 0
yx: 0
zx: 0

ram memory: 

-------------------------------------------------------------------------------------------


state: was stopped by hlt 
expected signature: DED! real signature DED! 
expected version: 1.02 real version 1.02 
ip: 40 
44 45 44 21 00 31 2e 30 32 00 52 0f 52 00 19 01 00 00 00 1a 00 19 01 00 00 00 81 20 00 00 00 08 a9 29 00 00 00 10 10 48 08 10 28 1a 00 19 01 00 00 00 30 12 00 1a 00 19 01 00 00 00 81 20 00 00 00 58 
                                                                                                                        ^

stack:
[0] 2400


stack: 
ax: 100
bx: 0
cx: 0
dx: 0
ex: 0
fx: 0
gx: 0
hx: 0
ix: 0
jx: 0
kx: 0
lx: 0
mx: 0
nx: 0
ox: 0
px: 100
qx: 0
rx: 0
sx: 0
tx: 0
ux: 0
vx: 0
wx: 0
xx: 0
yx: 0
zx: 0

ram memory: 

-------------------------------------------------------------------------------------------


